  Part Instance     Node ID  Attached elements       HFL, HFL1
---------------------------------------------------------------
    PART-1-1          48              26         24.9299
    PART-1-1         446              25         25.3539
    PART-1-1         446              26         25.3539
    PART-1-1         445              25         24.8157
    PART-1-1         445              63         24.8157
    PART-1-1         445             835         24.8157
    PART-1-1         444              62         23.6696
    PART-1-1         444              63         23.6696
    PART-1-1         443              62         24.9552
    PART-1-1         443             487         24.9552
    PART-1-1         443             488         24.9552
    PART-1-1         442             487          26.945
    PART-1-1         442            1075          26.945
    PART-1-1         441            1075          24.592
    PART-1-1         441            1981          24.592
    PART-1-1         441            1982          24.592
    PART-1-1         440             483         29.0491
    PART-1-1         440             484         29.0491
    PART-1-1         440            1981         29.0491
    PART-1-1         439             483         29.1592
    PART-1-1         439            1505         29.1592
    PART-1-1         438             502         27.9152
    PART-1-1         438            1505         27.9152
    PART-1-1         437             500         25.8113
    PART-1-1         437             501         25.8113
    PART-1-1         437             502         25.8113
    PART-1-1         436             500         25.5213
    PART-1-1         436             508         25.5213
    PART-1-1         435             507         31.1222
    PART-1-1         435             508         31.1222
    PART-1-1         435             669         31.1222
    PART-1-1         434             667         26.7717
    PART-1-1         434             669         26.7717
    PART-1-1         433             667         24.8171
    PART-1-1         433             668         24.8171
    PART-1-1         432             377         24.7798
    PART-1-1         432             668         24.7798
    PART-1-1         431             376         25.0346
    PART-1-1         431             377         25.0346
    PART-1-1         430             376         26.2254
    PART-1-1         430             390         26.2254
    PART-1-1         430            1180         26.2254
    PART-1-1         429             389         24.3958
    PART-1-1         429             390         24.3958
    PART-1-1          47             389         23.0539
