  Part Instance     Node ID  Attached elements       HFL, HFL2
---------------------------------------------------------------
    PART-1-1          47             389        -22.2328
    PART-1-1         428             389        -23.4462
    PART-1-1         428            1043        -23.4462
    PART-1-1         426             309        -27.2378
    PART-1-1         426             386        -27.2378
    PART-1-1         425             309        -25.0963
    PART-1-1         425            1445        -25.0963
    PART-1-1         425            1806        -25.0963
    PART-1-1         424            1208        -25.1173
    PART-1-1         424            1806        -25.1173
    PART-1-1         423             911        -28.4672
    PART-1-1         423            1208        -28.4672
    PART-1-1         423            1211        -28.4672
    PART-1-1         422             817        -24.1724
    PART-1-1         422             911        -24.1724
    PART-1-1         421             817        -24.9655
    PART-1-1         421            1415        -24.9655
    PART-1-1         420            1414        -28.8643
    PART-1-1         420            1415        -28.8643
    PART-1-1         419             810        -25.0999
    PART-1-1         419            1150        -25.0999
    PART-1-1         419            1414        -25.0999
    PART-1-1         418             561        -23.6976
    PART-1-1         418            1150        -23.6976
    PART-1-1         417             561          -29.06
    PART-1-1         417             580          -29.06
    PART-1-1         417            1222          -29.06
    PART-1-1         416             807         -23.771
    PART-1-1         416            1222         -23.771
    PART-1-1         415             806        -23.5909
    PART-1-1         415             807        -23.5909
    PART-1-1         414             153        -23.9787
    PART-1-1         414             806        -23.9787
    PART-1-1         413             151         -27.471
    PART-1-1         413             152         -27.471
    PART-1-1         413             153         -27.471
    PART-1-1         412             151        -28.0469
    PART-1-1         412             804        -28.0469
    PART-1-1         412            1431        -28.0469
    PART-1-1         411             804        -28.0986
    PART-1-1         411             805        -28.0986
    PART-1-1          46             805        -22.8645